x <- 1:4
x
y <- 1:5
y
